51233509,9/5/2017,122 Nealys Way ,Baldwin,GA,
,,Haddock GA 31033,,,
,,,,,
5502716,9/5/2017,180 Old Colony Farm Road ,Baldwin,GA,
,,Milledgeville GA 31061,,,
,,,,,
514716,9/5/2017,1005 English Oak Lane ,Barrow,GA,
,,Winder GA 30680,,,
,,,,,
5191717,9/5/2017,173 Colonial Hills Rd ,Barrow,GA,
,,Winder GA 30680,,,
,,,,,
51089709,9/5/2017,2071 Trimleston Rd ,Barrow,GA,
,,Statham GA 30666,,,
,,,,,
5235217,9/5/2017,36 Laurel Way NE ,Bartow,GA,Auction.com
,,White GA 30184,,,
,,,,,
5462216,9/5/2017,49 Carrington Dr ,Bartow,GA,
,,Cartersville GA 30120,,,
,,,,,
51077004,9/5/2017,1546 Royalwyn Drive ,Bibb,GA,Auction.com
,,Macon GA 31220,,,
,,,,,
5214717,9/5/2017,748 Maddux Drive ,Bibb,GA,Auction.com
,,Macon GA 31217,,,
,,,,,
5136717,9/5/2017,2359 Lancerlot Place ,Bibb,GA,
,,Macon GA 31206,,,
,,,,,
5472214,9/5/2017,679 Wimbish Rd ,Bibb,GA,
,,Macon GA 31210,,,
,,,,,
5209117,9/5/2017,4390 Plaudit Rd ,Bibb,GA,Auction.com
,,Lizella GA 31052,,,
,,,,,
5194717,9/5/2017,182 Apple Valley Rd ,Bibb,GA,Auction.com
,,Macon GA 31217,,,
,,,,,
5117917,9/5/2017,3985 Blair Court ,Bibb,GA,Auction.com
,,Macon GA 31206,,,
,,,,,
563017,9/5/2017,63 Weeping Willow Ln ,Brantley,GA,
,,Hortense GA 31543,,,
,,,,,
5282616,9/5/2017,38 Lonnie Drive ,Bryan,GA,
,,Richmond Hill GA 31324,,,
,,,,,
5112717,9/5/2017,189 Abby Dr ,Bryan,GA,
,,Richmond Hill GA 31324,,,
,,,,,
5374616,9/5/2017,128 Pamela Way ,Bulloch,GA,
,,Statesboro GA 30458,,,
,,,,,
5228317,9/5/2017,105 Summer Winds Place ,Bulloch,GA,
,,Brooklet GA 30415,,,
,,,,,
5198816,9/5/2017,159 Mattie Thompson Road ,Butts,GA,Auction.com
,,Jackson GA 30233,,,
,,,,,
5200917,9/5/2017,296 Barber Rd ,Camden,GA,Auction.com
,,Woodbine GA 31569,,,
,,,,,
5431216,9/5/2017,240 Old Airport Road ,Carroll,GA,Auction.com
,,Carrollton GA 30116,,,
,,,,,
5237917,9/5/2017,230 Pine Hill Drive ,Carroll,GA,
,,Carrollton GA 30116,,,
,,,,,
5236417,9/5/2017,112 Charlcie Court ,Carroll,GA,
,,Carrollton GA 30117,,,
,,,,,
5247417,9/5/2017,198 Smoketree Circle ,Catoosa,GA,Auction.com
,,Ringgold GA 30736,,,
,,,,,
5227917,9/5/2017,1283 Mt Pisgah Road ,Catoosa,GA,
,,Ringgold GA 30736,,,
,,,,,
5264717,9/5/2017,1484 Highway 41 ,Catoosa,GA,
,,Ringgold GA 30736,,,
,,,,,
5245517,9/5/2017,60 Corsair Circle ,Chatham,GA,Auction.com
,,PT Wentworth GA 31407,,,
,,,,,
5146717,9/5/2017,52 Godley Park Way ,Chatham,GA,Auction.com
,,Pooler GA 31322,,,
,,,,,
522211,9/5/2017,220 Sandlewood Drive ,Chatham,GA,
,,Savannah GA 31405,,,
,,,,,
5232117,9/5/2017,542 Heather St ,Chatham,GA,Auction.com
,,Savannah GA 31406,,,
,,,,,
5203417,9/5/2017,129 Riverview Rd ,Chatham,GA,
,,Savannah GA 31410,,,
,,,,,
51912306,9/5/2017,906 Mill Court ,Chatham,GA,
,,Savannah GA 31419,,,
,,,,,
521717,9/5/2017,10 Jasmine Crossing ,Chatham,GA,Auction.com
,,Savannah GA 31405,,,
,,,,,
5187017,9/5/2017,2923 Pate Street ,Chatham,GA,Auction.com
,,Savannah GA 31405,,,
,,,,,
5128517,9/5/2017,7204 Skidaway Road ,Chatham,GA,
,,Savannah GA 31406,,,
,,,,,
5158316,9/5/2017,25 Springwater Drive ,Chatham,GA,Auction.com
,,Port Wentworth GA 31407,,,
,,,,,
5371615,9/5/2017,909 West 42nd Street ,Chatham,GA,Auction.com
,,Savannah GA 31415,,,
,,,,,
5780713,9/5/2017,15 Johnny Mercer Blvd #1317 ,Chatham,GA,
,,Savannah GA 31419,,,
,,,,,
5448816,9/5/2017,3118 Shell Road ,Chatham,GA,Auction.com
,,Savannah GA 31404,,,
,,,,,
5215617,9/5/2017,6165 Hwy 100 ,Chattooga,GA,
,,Summerville GA 30747,,,
,,,,,
52393407,9/5/2017,207 Arnold Mill Road ,Cherokee,GA,
,,Woodstock GA 30188,,,
,,,,,
5326915,9/5/2017,217 Oak Forest Drive ,Cherokee,GA,Auction.com
,,Canton GA 30115,,,
,,,,,
5221017,9/5/2017,4048 River Rock Way ,Cherokee,GA,Auction.com
,,Woodstock GA 30188,,,
,,,,,
5227417,9/5/2017,818 Commerce Trl ,Cherokee,GA,
,,Canton GA 30114,,,
,,,,,
5200316,9/5/2017,216 Lakeside Drive ,Cherokee,GA,Auction.com
,,Waleska GA 30183,,,
,,,,,
51675609,9/5/2017,205 Toonigh Way ,Cherokee,GA,Auction.com
,,Canton GA 30115,,,
,,,,,
5373314,9/5/2017,2037 Township Drive ,Cherokee,GA,
,,Woodstock GA 30189,,,
,,,,,
5121417,9/5/2017,375 Ammons Dr ,Cherokee,GA,
,,Waleska GA 30183,,,
,,,,,
5166717,9/5/2017,305 Oakbend Drive ,Clarke,GA,Auction.com
,,Athens GA 30606,,,
,,,,,
5114117,9/5/2017,9450 Brown Road ,Clayton,GA,Auction.com
,,Jonesboro GA 30238,,,
,,,,,
5131417,9/5/2017,3113 Pier One ,Clayton,GA,
,,Jonesboro GA 30236,,,
,,,,,
5190416,9/5/2017,2132 Fort Trail ,Clayton,GA,Auction.com
,,Morrow GA 30260,,,
,,,,,
5220117,9/5/2017,427 Eagles Nest Way ,Clayton,GA,Auction.com
,,Riverdale GA 30274,,,
,,,,,
53222910,9/5/2017,1990 Bertha Court ,Clayton,GA,
,,Hampton GA 30228,,,
,,,,,
5235017,9/5/2017,856 June Court ,Clayton,GA,Auction.com
,,Jonesboro GA 30236,,,
,,,,,
5187517,9/5/2017,7366 Alden Ridge Rd ,Clayton,GA,
,,Jonesboro GA 30236,,,
,,,,,
5256517,9/5/2017,8066 Birch Walk Drive ,Clayton,GA,
,,Riverdale GA 30274,,,
,,,,,
5241117,9/5/2017,7435 Skylane Drive ,Clayton,GA,
,,Riverdale GA 30296,,,
,,,,,
5232717,9/5/2017,1724 Lauranceae Way ,Clayton,GA,Auction.com
,,Riverdale GA 30296,,,
,,,,,
5199217,9/5/2017,70 Heathrow Dr ,Clayton,GA,Auction.com
,,Riverdale GA 30274,,,
,,,,,
5155817,9/5/2017,9847 Musket Ridge Circle ,Clayton,GA,
,,Jonesboro GA 30238,,,
,,,,,
5195017,9/5/2017,3715 Skyline Place ,Clayton,GA,Auction.com
,,Rex GA 30273,,,
,,,,,
51355708,9/5/2017,5489 Ahyoka Dr ,Clayton,GA,
,,Lake City GA 30260,,,
,,,,,
52253207,9/5/2017,11504 Alicia's Court ,Clayton,GA,
,,Hampton GA 30228,,,
,,,,,
5307014,9/5/2017,1143 Misty Meadows Way ,Clayton,GA,
,,Hampton GA 30228,,,
,,,,,
5258017,9/5/2017,6133 Fieldcrest Drive ,Clayton,GA,Auction.com
,,Morrow GA 30260,,,
,,,,,
5568214,9/5/2017,460 Martin Dr ,Clayton,GA,
,,Jonesboro GA 30238,,,
,,,,,
5684214,9/5/2017,11964 Red Ivy Ln ,Clayton,GA,Auction.com
,,Fayetteville GA 30215,,,
,,,,,
571110,9/5/2017,5974 Sunflower Court ,Clayton,GA,Auction.com
,,Ellenwood GA 30294,,,
,,,,,
5591314,9/5/2017,25 Windsor Way ,Clayton,GA,Auction.com
,,Riverdale GA 30274,,,
,,,,,
545415,9/5/2017,8900 Burnham Way ,Clayton,GA,Auction.com
,,Jonesboro GA 30238,,,
,,,,,
5707314,9/5/2017,6175 E Fayetteville Drive ,Clayton,GA,Auction.com
,,Riverdale GA 30296,,,
,,,,,
5584514,9/5/2017,1831 Shirburn Cir ,Clayton,GA,Auction.com
,,Riverdale GA 30296,,,
,,,,,
5360316,9/5/2017,10561 Aspenwood Ct ,Clayton,GA,Auction.com
,,Jonesboro GA 30238,,,
,,,,,
5422614,9/5/2017,473 Madeline Rose Court ,Clayton,GA,
,,Fayetteville GA 30215,,,
,,,,,
5368415,9/5/2017,1144 West Briar Gate Court ,Clayton,GA,Auction.com
,,Riverdale GA 30296,,,
,,,,,
51376406,9/5/2017,1694 Lightfoot Circle ,Cobb,GA,
,,Marietta GA 30062,,,
,,,,,
52662403,9/5/2017,1394 Yates Avenue ,Cobb,GA,Auction.com
,,Austell GA 30001,,,
,,,,,
5416714,9/5/2017,1055 Woodruff Plantation Parkw ,Cobb,GA,Auction.com
,,Marietta GA 30067,,,
,,,,,
5161917,9/5/2017,4300 Sumac Drive ,Cobb,GA,
,,Austell GA 30106,,,
,,,,,
5290115,9/5/2017,3215 Meadowlark Lane ,Cobb,GA,Auction.com
,,Kennesaw GA 30144,,,
,,,,,
5278616,9/5/2017,"3075 Milford Chase, SW ",Cobb,GA,Auction.com
,,Marietta GA 30008,,,
,,,,,
5199417,9/5/2017,4650 North View Road ,Cobb,GA,
,,Kennesaw GA 30144,,,
,,,,,
5122717,9/5/2017,562 Delphinium Blvd NW ,Cobb,GA,Auction.com
,,Acworth GA 30102,,,
,,,,,
5212617,9/5/2017,601 Factory Shoals Dr SW ,Cobb,GA,
,,Mableton GA 30126,,,
,,,,,
526013,9/5/2017,4225 Brandy Ann Drive ,Cobb,GA,Auction.com
,,Acworth GA 30101,,,
,,,,,
5246817,9/5/2017,3366 Old Trail Ct ,Cobb,GA,Auction.com
,,Kennesaw GA 30144,,,
,,,,,
5138517,9/5/2017,2329 Marion Walk Drive ,Cobb,GA,
,,Smyrna GA 30080,,,
,,,,,
51906707,9/5/2017,3356 Gilley Drive ,Cobb,GA,Auction.com
,,Powder Springs GA 30127,,,
,,,,,
5137417,9/5/2017,1766 Bertram Lane ,Cobb,GA,Auction.com
,,Marietta GA 30008,,,
,,,,,
5263317,9/5/2017,7050 Shenandoah Trail ,Cobb,GA,
,,Austell GA 30168,,,
,,,,,
5343116,9/5/2017,2044 Lenoa Lane ,Cobb,GA,Auction.com
,,Austell GA 30106,,,
,,,,,
5116516,9/5/2017,2715 Sanford Road ,Cobb,GA,
,,Smyrna GA 30080,,,
,,,,,
585117,9/5/2017,4324 Worth Street Northwest ,Cobb,GA,
,,Acworth GA 30101,,,
,,,,,
5759012,9/5/2017,3138 Dunn St SE ,Cobb,GA,
,,Smyrna GA 30080,,,
,,,,,
52602206,9/5/2017,4294 Brighton Way ,Cobb,GA,
,,Kennesaw GA 30144,,,
,,,,,
5237117,9/5/2017,2110 Camden Lake Way ,Cobb,GA,
,,Acworth GA 30101,,,
,,,,,
5476716,9/5/2017,5723 Brookstone Walk NW ,Cobb,GA,
,,Acworth GA 30101,,,
,,,,,
5240917,9/5/2017,4138 Honeysuckle Dr. ,Cobb,GA,
,,Smyrna GA 30082,,,
,,,,,
5251617,9/5/2017,4183 Nance Rd NW ,Cobb,GA,
,,Acworth GA 30101,,,
,,,,,
5460310,9/5/2017,3597 Downing Street ,Cobb,GA,
,,Marietta GA 30066,,,
,,,,,
575817,9/5/2017,1314 McLean St ,Coffee,GA,
,,Douglas GA 31533,,,
,,,,,
579717,9/5/2017,192 West Weeks Ave ,Colquitt,GA,
,,Norman Park GA 31771,,,
,,,,,
5219617,9/5/2017,6207 Independence Way ,Columbia,GA,
,,Grovetown GA 30813,,,
,,,,,
5192017,9/5/2017,7209 Krista Lane ,Columbia,GA,Auction.com
,,Grovetown GA 30813,,,
,,,,,
5248217,9/5/2017,733 Neville St ,Columbia,GA,
,,Grovetown GA 30813,,,
,,,,,
5216417,9/5/2017,418 Saterlee Court ,Columbia,GA,Auction.com
,,Grovetown GA 30813,,,
,,,,,
5257717,10/3/2017,5161 Saddle CR ,Columbia,GA,
,,Evans GA 30809,,,
,,,,,
540717,9/5/2017,4880 Orchard Hill Dr ,Columbia,GA,
,,Grovetown GA 30813,,,
,,,,,
5231017,9/5/2017,1210 Brushy Creek Road ,Cook,GA,Auction.com
,,Sparks GA 31647,,,
,,,,,
5232917,9/5/2017,83 Brenda Court ,Coweta,GA,Auction.com
,,Newnan GA 30265,,,
,,,,,
5110917,9/5/2017,90 Medallion Park ,Coweta,GA,Auction.com
,,Newnan GA 30265,,,
,,,,,
52520908,9/5/2017,1250 Stallings Rd ,Coweta,GA,
,,Senoia GA 30276,,,
,,,,,
5891708,9/5/2017,8 Oak Street ,Coweta,GA,
,,Newnan GA 30263,,,
,,,,,
5229117,9/5/2017,153 Ivy Trace Boulevard ,Coweta,GA,
,,Newnan GA 30265,,,
,,,,,
547217,9/5/2017,10 Cloister Cove ,Coweta,GA,
,,Newnan GA 30265,,,
,,,,,
5230917,9/5/2017,148 Boyd Road ,Decatur,GA,Auction.com
,,Brinson GA 39825,,,
,,,,,
51216402,9/5/2017,3345 Georgian Woods Circle ,DeKalb,GA,
,,Decatur GA 30034,,,
,,,,,
5658904,9/5/2017,6999 Waters Edge Drive ,DeKalb,GA,
,,Stone Mountain GA 30087,,,
,,,,,
51958404,9/5/2017,3938 Wolverton Circle ,DeKalb,GA,
,,Lithonia GA 30038,,,
,,,,,
5241017,9/5/2017,4700 Mayer Trace ,DeKalb,GA,
,,Ellenwood GA 30294,,,
,,,,,
535515,9/5/2017,1229 Mill Lake Circle ,DeKalb,GA,Auction.com
,,Stone Mountain GA 30088,,,
,,,,,
5222116,9/5/2017,5814 Spring Mill Circle ,DeKalb,GA,
,,Lithonia GA 30038,,,
,,,,,
5636714,9/5/2017,1902 Shawn Wayne Ct ,DeKalb,GA,Auction.com
,,Atlanta GA 30316,,,
,,,,,
5186817,9/5/2017,4372 Mercer Road ,DeKalb,GA,Auction.com
,,Decatur GA 30035,,,
,,,,,
5218417,9/5/2017,3421 Stoneleigh Walk ,DeKalb,GA,
,,Lithonia GA 30038,,,
,,,,,
5120017,9/5/2017,9101 Fairington Ridge Cir ,DeKalb,GA,
,,Lithonia GA 30038,,,
,,,,,
5145817,9/5/2017,2203 Glendale Dr ,DeKalb,GA,
,,Decatur GA 30032,,,
,,,,,
5177115,9/5/2017,2543 Riverwood Spring ,DeKalb,GA,"$40,508.83 "
,,Ellenwood GA 30294,,,
,,,,,
5109717,9/5/2017,1404 Tugaloo Drive ,DeKalb,GA,Auction.com
,,Atlanta GA 30319,,,
,,,,,
544317,9/5/2017,1362 Denfield Court ,DeKalb,GA,Auction.com
,,Lithonia GA 30058,,,
,,,,,
5139617,9/5/2017,437 Hairston Way ,DeKalb,GA,
,,Stone Mountain GA 30088,,,
,,,,,
5145911,9/5/2017,739 Pennybrook Lane ,DeKalb,GA,Auction.com
,,Stone Mountain GA 30087,,,
,,,,,
52876710,9/5/2017,2006 Audubon Drive ,DeKalb,GA,Auction.com
,,Atlanta GA 30329,,,
,,,,,
5119615,9/5/2017,1621 Boulderwoods Dr SE ,DeKalb,GA,
,,Atlanta GA 30316,,,
,,,,,
5104015,9/5/2017,1993 Willa Way ,DeKalb,GA,
,,Decatur GA 30032,,,
,,,,,
5237017,9/5/2017,5886 Giles Rd ,DeKalb,GA,
,,Lithonia GA 30058,,,
,,,,,
5107017,9/5/2017,2751 Terratim Lane ,DeKalb,GA,
,,Decatur GA 30034,,,
,,,,,
5218617,9/5/2017,2246 Springwood Drive ,DeKalb,GA,Auction.com
,,Decatur GA 30033,,,
,,,,,
5213517,9/5/2017,3911 Creek Shoals Ln ,DeKalb,GA,Auction.com
,,Ellenwood GA 30294,,,
,,,,,
5211217,9/5/2017,3989 Fireoak Drive #75 ,DeKalb,GA,Auction.com
,,Decatur GA 30032,,,
,,,,,
5212117,9/5/2017,1918 Selwyn Drive ,DeKalb,GA,Auction.com
,,Decatur GA 30035,,,
,,,,,
5134315,9/5/2017,3909 Wintersweet Dr ,DeKalb,GA,Auction.com
,,Decatur GA 30034,,,
,,,,,
5260617,9/5/2017,1899 Shawn Wayne CT ,DeKalb,GA,
,,Atlanta GA 30316,,,
,,,,,
530517,9/5/2017,6846 Search Light Trail ,DeKalb,GA,
,,Lithonia GA 30038,,,
,,,,,
524117,9/5/2017,3849 Boring Road ,DeKalb,GA,
,,Decatur GA 30034,,,
,,,,,
5200816,9/5/2017,1943 Vicki Lane SE ,DeKalb,GA,
,,Atlanta GA 30032,,,
,,,,,
5564514,9/5/2017,6433 Parkway Trace ,DeKalb,GA,
,,Lithonia GA 30058,,,
,,,,,
587617,9/5/2017,1376 Idlewood Parc Crossing ,DeKalb,GA,Auction.com
,,Tucker GA 30084,,,
,,,,,
5439415,9/5/2017,2663 Rainbow Creek Drive ,DeKalb,GA,
,,Decatur GA 30034,,,
,,,,,
58117,9/5/2017,2156 East Drive ,DeKalb,GA,Auction.com
,,Decatur GA 30032,,,
,,,,,
5509816,9/5/2017,4763 Cedar Parkway ,DeKalb,GA,Auction.com
,,Stone Mountain GA 30083,,,
,,,,,
549417,9/5/2017,974 Texel Ln ,DeKalb,GA,
,,Clarkston GA 30021,,,
,,,,,
589817,9/5/2017,96 Willowick Drive ,DeKalb,GA,Auction.com
,,Lithonia GA 30058,,,
,,,,,
5618914,9/5/2017,2590 McGlynn Drive ,DeKalb,GA,Auction.com
,,Decatur GA 30034,,,
,,,,,
5452516,9/5/2017,924 South Deshon Road ,DeKalb,GA,Auction.com
,,Lithonia GA 30058,,,
,,,,,
5410016,9/5/2017,4275 Azalea Walk ,DeKalb,GA,
,,Ellenwood GA 30294,,,
,,,,,
5462616,9/5/2017,4812 Browns Mill Ferry Road ,DeKalb,GA,Auction.com
,,Lithonia GA 30038,,,
,,,,,
5376016,9/5/2017,4210 Waldrop Hills Terrace ,DeKalb,GA,Auction.com
,,Decatur GA 30034,,,
,,,,,
5794502,9/5/2017,5652 Winchester Place ,DeKalb,GA,Auction.com
,,Lithonia GA 30038,,,
,,,,,
5508216,9/5/2017,5227 Green Point Drive ,DeKalb,GA,
,,Stone Mountain GA 30088,,,
,,,,,
5217217,9/5/2017,958 McRae Highway ,Dodge,GA,
,,Eastman GA 31023,,,
,,,,,
5245817,9/5/2017,2423 East Alberson Drive ,Dougherty,GA,Auction.com
,,Albany GA 31721,,,
,,,,,
5256817,9/5/2017,1215 7th Avenue ,Dougherty,GA,Auction.com
,,Albany GA 31707,,,
,,,,,
5485716,9/5/2017,1903 Queens Rd ,Dougherty,GA,Auction.com
,,Albany GA 31707,,,
,,,,,
53362210,9/5/2017,4383 Post Road ,Douglas,GA,
,,Winston GA 30187,,,
,,,,,
5102117,9/5/2017,7220 Woodcreek Way ,Douglas,GA,Auction.com
,,Douglasville GA 30134,,,
,,,,,
5212517,9/5/2017,4195 High Country Dr ,Douglas,GA,
,,Douglasville GA 30135,,,
,,,,,
5109616,9/5/2017,1734 Brumby Circle ,Douglas,GA,
,,Lithia Springs GA 30122,,,
,,,,,
57816,9/5/2017,6700 Live Oak Lane ,Douglas,GA,Auction.com
,,Douglasville GA 30135,,,
,,,,,
5202117,9/5/2017,1622 Buckhalter Rd ,Early,GA,Auction.com
,,Jakin GA 39861,,,
,,,,,
580217,9/5/2017,6 Farrington Cir ,Effingham,GA,Auction.com
,,Guyton GA 31312,,,
,,,,,
53078908,9/5/2017,212 Rose Hill Dr ,Effingham,GA,
,,Rincon GA 31326,,,
,,,,,
5150417,9/5/2017,247 Oakview Rd ,Effingham,GA,
,,Rincon GA 31326,,,
,,,,,
5516,9/5/2017,108 Dellwood Road ,Emanuel,GA,
,,Swainsboro GA 30401,,,
,,,,,
5264316,9/5/2017,45 Leopard Drive ,Emanuel,GA,Auction.com
,,Swainsboro GA 30401,,,
,,,,,
5481213,9/5/2017,419 Robin Road ,Emanuel,GA,Auction.com
,,Swainsboro GA 30401,,,
,,,,,
5231417,9/5/2017,120 Melanie Circle ,Fayette,GA,Auction.com
,,Fayetteville GA 30214,,,
,,,,,
552817,9/5/2017,175 Chestlehurst Drive ,Fayette,GA,
,,Fayetteville GA 30215,,,
,,,,,
5450815,9/5/2017,140 Springhouse Lane ,Fayette,GA,
,,Fayetteville GA 30215,,,
,,,,,
5214217,9/5/2017,4 Forest Meadow Dr SW ,Floyd,GA,
,,Rome GA 30165,,,
,,,,,
5241617,9/5/2017,9 Buck Trl NE ,Floyd,GA,
,,Rome GA 30165,,,
,,,,,
593908,9/5/2017,7090 Wessex Way ,Forsyth,GA,
,,Cumming GA 30040,,,
,,,,,
5232317,9/5/2017,1125 Pine Crest Terrace ,Forsyth,GA,Auction.com
,,Alpharetta GA 30004,,,
,,,,,
5165117,9/5/2017,4675 Allistair Drive ,Forsyth,GA,Auction.com
,,Cumming GA 30040,,,
,,,,,
5765710,9/5/2017,6220 Elmshorn Way ,Forsyth,GA,
,,Alpharetta GA 30004,,,
,,,,,
2013-GA161,9/3/2013,2972 Henry Walker Court ,Fulton,GA,
,,East Point GA 30344,,,
,,,,,
5202806,9/5/2017,4211 Fortune Point ,Fulton,GA,Auction.com
,,College Park GA 30349,,,
,,,,,
5417511,9/5/2017,2110 Brookridge Ter ,Fulton,GA,
,,Alpharetta GA 30004,,,
,,,,,
51281310,9/5/2017,100 Hillside Ln ,Fulton,GA,
,,Roswell GA 30076,,,
,,,,,
538617,9/5/2017,351 Mica Trail ,Fulton,GA,
,,Riverdale GA 30296,,,
,,,,,
510014,9/5/2017,2681 Muskeg Court SW ,Fulton,GA,
,,Atlanta GA 30331,,,
,,,,,
5483316,9/5/2017,4302 Notting Hill Dr Sw ,Fulton,GA,Auction.com
,,Atlanta GA 30331,,,
,,,,,
5564414,9/5/2017,160 Racine Street ,Fulton,GA,
,,Atlanta GA 30314,,,
,,,,,
5685614,9/5/2017,400 W Peachtree St NW 3902 ,Fulton,GA,Auction.com
,,Atlanta GA 30308,,,
,,,,,
5428207,9/5/2017,1545 Loch Lomond Trail ,Fulton,GA,Auction.com
,,Atlanta GA 30331,,,
,,,,,
51712406,9/5/2017,2824 Wolf Club Court ,Fulton,GA,
,,Atlanta GA 30349,,,
,,,,,
5461116,9/5/2017,525 Cativo Drive ,Fulton,GA,
,,Atlanta GA 30311,,,
,,,,,
5273914,9/5/2017,2554 Laquanda Court SW ,Fulton,GA,Auction.com
,,Atlanta GA 30331,,,
,,,,,
5168417,9/5/2017,2006 Pryor Road SW ,Fulton,GA,Auction.com
,,Atlanta GA 30315,,,
,,,,,
529417,10/3/2017,2107 Forrest Park Rd SE ,Fulton,GA,
,,Atlanta GA 30315,,,
,,,,,
5528515,9/5/2017,130 Holly Glen Court ,Fulton,GA,
,,Alpharetta GA 30022,,,
,,,,,
5508416,9/5/2017,5347 Jerome Rd ,Fulton,GA,
,,Atlanta GA 30303,,,
,,,,,
51474110,9/5/2017,7151 Firethorn Lane ,Fulton,GA,
,,College Park GA 30349-8029,,,
,,,,,
5234717,9/5/2017,2662 Southwest Peyton Woods Trail ,Fulton,GA,Auction.com
,,Atlanta GA 30311,,,
,,,,,
5250417,9/5/2017,8671 Valley Lakes LN ,Fulton,GA,
,,Union City GA 30291,,,
,,,,,
5259817,9/5/2017,999 Mount Airy Drive ,Fulton,GA,Auction.com
,,Atlanta GA 30311,,,
,,,,,
5485216,10/3/2017,1341 Bryan Avenue ,Fulton,GA,Auction.com
,,East Point GA 30344,,,
,,,,,
5254117,9/5/2017,5276 Lakerock Drive S.W. ,Fulton,GA,
,,Atlanta GA 30331,,,
,,,,,
546116,9/5/2017,6021 Birdseye Trail ,Fulton,GA,Auction.com
,,Atlanta GA 30349,,,
,,,,,
5476816,9/5/2017,4406 Gladewood Run ,Fulton,GA,Auction.com
,,Union City GA 30291,,,
,,,,,
5237317,9/5/2017,8270 Mayfern Drive ,Fulton,GA,
,,Fairburn GA 30213,,,
,,,,,
5245017,9/5/2017,3060 Pharr Court North NW 818 ,Fulton,GA,Auction.com
,,Atlanta GA 30305,,,
,,,,,
5267915,9/5/2017,3984 Otter Dam Court ,Fulton,GA,Auction.com
,,Atlanta GA 30349,,,
,,,,,
53052409,9/5/2017,800 Hall Street NW ,Fulton,GA,Auction.com
,,Atlanta GA 30318,,,
,,,,,
5401715,9/5/2017,3044 Mornington Drive ,Fulton,GA,
,,Atlanta GA 30327,,,
,,,,,
5691113,9/5/2017,1406 Fairbanks St. SW ,Fulton,GA,Auction.com
,,Atlanta GA 30310,,,
,,,,,
5385216,9/5/2017,415 Cullingworth Drive ,Fulton,GA,
,,Johns Creek GA 30022,,,
,,,,,
5226417,9/5/2017,1779 Giben Road ,Fulton,GA,
,,Atlanta GA 30315,,,
,,,,,
5210517,9/5/2017,5900 Mallory Rd ,Fulton,GA,
,,College Park GA 30349,,,
,,,,,
569917,9/5/2017,3838 Collier Drive NW ,Fulton,GA,
,,Atlanta GA 30331,,,
,,,,,
582217,9/5/2017,1425 Pinehurst Drive SW ,Fulton,GA,
,,Atlanta GA 30311,,,
,,,,,
5292814,9/5/2017,140 Windhaven Trail SW ,Fulton,GA,Auction.com
,,Atlanta GA 30331,,,
,,,,,
5201717,9/5/2017,6900 Roswell Rd NE Apt Q9 ,Fulton,GA,Auction.com
,,Atlanta GA 30328,,,
,,,,,
L1557,9/5/2017,570 Londonberry Road ,Fulton,GA,
,,Atlanta GA 30327,,,
,,,,,
5360915,9/5/2017,6312 Dekeon Drive ,Fulton,GA,Auction.com
,,College Park GA 30349,,,
,,,,,
5106817,9/5/2017,55 Peyton Pl ,Fulton,GA,
,,Atlanta GA 30311,,,
,,,,,
592217,9/5/2017,770 John Teem Rd ,Gilmer,GA,
,,Ellijay GA 30540,,,
,,,,,
5250517,9/5/2017,1841 Whitepath Road ,Gilmer,GA,Auction.com
,,Ellijay GA 30540,,,
,,,,,
530417,9/5/2017,706 Dartmouth Street ,Glynn,GA,Auction.com
,,Brunswick GA 31520,,,
,,,,,
5250217,9/5/2017,116 Kala Ct ,Glynn,GA,
,,Brunswick GA 31525,,,
,,,,,
5250017,9/5/2017,1224 Pine Avenue ,Glynn,GA,
,,Brunswick GA 31520,,,
,,,,,
5473413,9/5/2017,4829 Malabar Drive ,Glynn,GA,
,,Brunswick GA 31520,,,
,,,,,
522917,9/5/2017,172 Hummingbird Ln SE ,Gordon,GA,
,,Calhoun GA 30701,,,
,,,,,
5503400,9/5/2017,1498 Harbins Ridge Drive ,Gwinnett,GA,
,,Norcross GA 30093,,,
,,,,,
5186604,9/5/2017,2838 Heather Row Ridge ,Gwinnett,GA,Auction.com
,,Lilburn GA 30047,,,
,,,,,
568317,9/5/2017,302 Summer Place ,Gwinnett,GA,
,,Norcross GA 30071,,,
,,,,,
51395910,9/5/2017,2726 King Arthur Court ,Gwinnett,GA,
,,Buford GA 30519,,,
,,,,,
5177317,9/5/2017,1053 Bailing Rd ,Gwinnett,GA,
,,Lawrenceville GA 30043,,,
,,,,,
5239617,9/5/2017,655 Grimsby Court ,Gwinnett,GA,
,,Suwanee GA 30024,,,
,,,,,
5111317,9/5/2017,370 Paris Drive ,Gwinnett,GA,Auction.com
,,Lawrenceville GA 30043,,,
,,,,,
51251411,9/5/2017,892 Brandlwood Way NW ,Gwinnett,GA,Auction.com
,,Lilburn GA 30047,,,
,,,,,
5218917,9/5/2017,5074 Michael Jay St ,Gwinnett,GA,Auction.com
,,Snellville GA 30039,,,
,,,,,
51616,9/5/2017,1050 Lulworth Lane ,Gwinnett,GA,
,,Lawrenceville GA 30044,,,
,,,,,
5251717,9/5/2017,672 Shoal Circle ,Gwinnett,GA,
,,Lawrenceville GA 30045,,,
,,,,,
5236617,9/5/2017,450 Congress Parkway ,Gwinnett,GA,Auction.com
,,Lawrenceville GA 30044,,,
,,,,,
5211317,9/5/2017,4029 Green Gables Trace ,Gwinnett,GA,Auction.com
,,Buford GA 30519,,,
,,,,,
5220917,9/5/2017,2559 Landington Way ,Gwinnett,GA,
,,Duluth GA 30096,,,
,,,,,
5213117,9/5/2017,3984 Howell Park Road ,Gwinnett,GA,Auction.com
,,Duluth GA 30096,,,
,,,,,
5198917,9/5/2017,3259 Arbor Oaks Drive ,Gwinnett,GA,Auction.com
,,Snellville GA 30039,,,
,,,,,
53175308,9/5/2017,1699 Little Fox Ln ,Gwinnett,GA,
,,Dacula GA 30019,,,
,,,,,
5117217,9/5/2017,3342 Forest Vista Drive ,Gwinnett,GA,
,,Dacula GA 30019,,,
,,,,,
5114017,9/5/2017,1531 Lily Valley Drive ,Gwinnett,GA,
,,Lawrenceville GA 30045,,,
,,,,,
52082607,9/5/2017,440 Victoria Station Blvd ,Gwinnett,GA,
,,Lawrenceville GA 30043,,,
,,,,,
5468015,9/5/2017,2848 Grey Moss Pass ,Gwinnett,GA,
,,Duluth GA 30097,,,
,,,,,
5786109,9/5/2017,912 Noble Oak Court ,Gwinnett,GA,Auction.com
,,Lawrenceville GA 30045,,,
,,,,,
577716,9/5/2017,2611 Bateleur Court ,Gwinnett,GA,
,,Grayson GA 30017,,,
,,,,,
5710614,9/5/2017,1834 Fort Shawnee Trce ,Gwinnett,GA,Auction.com
,,Dacula GA 30019,,,
,,,,,
5211416,9/5/2017,3650 Wynter Frost Walk ,Gwinnett,GA,Auction.com
,,Bethlehem GA 30620,,,
,,,,,
5369614,9/5/2017,3780 Cowart Rd ,Gwinnett,GA,
,,Suwanee GA 30024,,,
,,,,,
5528012,9/5/2017,4337 Shoreside Circle ,Gwinnett,GA,
,,Snellville GA 30039,,,
,,,,,
584116,10/3/2017,243 Pebble Chase Lane ,Gwinnett,GA,Auction.com
,,Lawrenceville GA 30044,,,
,,,,,
5381215,9/5/2017,251 Bell Grove Ln ,Gwinnett,GA,
,,Suwanee GA 30024,,,
,,,,,
53799909,9/5/2017,2845 Cove Crossing Dr. ,Gwinnett,GA,Auction.com
,,Lawrenceville GA 30045,,,
,,,,,
5493916,9/5/2017,5160 Island Drive ,Gwinnett,GA,
,,Stone Mountain GA 30087,,,
,,,,,
52603509,9/5/2017,3210 Grand Central Drive ,Gwinnett,GA,Auction.com
,,Snellville GA 30078,,,
,,,,,
5155117,9/5/2017,5231 Creek Ln ,Gwinnett,GA,
,,Sugar Hill GA 30518,,,
,,,,,
572017,9/5/2017,2909 Meadow Point Drive ,Gwinnett,GA,Auction.com
,,Snellville GA 30039,,,
,,,,,
52031606,9/5/2017,4085 River Glen Circle ,Gwinnett,GA,Auction.com
,,Suwanee GA 30024,,,
,,,,,
5359916,9/5/2017,2215 Mill Wood Court ,Gwinnett,GA,Auction.com
,,Duluth GA 30096,,,
,,,,,
52768508,9/5/2017,3379 Royal Oaks Drive ,Hall,GA,Auction.com
,,Gainesville GA 30506,,,
,,,,,
5173715,9/5/2017,2803 Merritt Dr ,Hall,GA,
,,Buford GA 30518,,,
,,,,,
5101817,9/5/2017,1925 Half Circle ,Hall,GA,
,,Gainesville GA 30507,,,
,,,,,
5208917,9/5/2017,4328 Highland Gate Parkway ,Hall,GA,
,,Gainesville GA 30506,,,
,,,,,
5314814,9/5/2017,682 Tommy Aaron Drive ,Hall,GA,Auction.com
,,Gainesville GA 30506,,,
,,,,,
51509107,9/5/2017,6006 Grand Reunion Drive ,Hall,GA,Auction.com
,,Hoschton GA 30548,,,
,,,,,
546812,9/5/2017,3313 Lakeland Rd ,Hall,GA,
,,Gainesville GA 30506,,,
,,,,,
5449816,9/5/2017,6079 Cane Crossing Drive ,Hall,GA,Auction.com
,,Gainesville GA 30507,,,
,,,,,
5247517,9/5/2017,3823 Chase Dr ,Hall,GA,Auction.com
,,Gainesville GA 30507,,,
,,,,,
5511216,9/5/2017,4700 Eucalyptus Way ,Hall,GA,Auction.com
,,Flowery Branch GA 30542,,,
,,,,,
5701614,9/5/2017,262 Freeman Street ,Haralson,GA,Auction.com
,,Tallapoosa GA 30176,,,
,,,,,
5234517,9/5/2017,559 Hudson Mill Rd ,Harris,GA,Auction.com
,,Hamilton GA 31811,,,
,,,,,
51489610,9/5/2017,2445 Alabama Rd ,Harris,GA,Auction.com
,,Waverly Hall GA 31831-2605,,,
,,,,,
51209304,9/5/2017,141 Frank Crook Rd ,Hart,GA,Auction.com
,,Canon GA 30520,,,
,,,,,
51922905,9/5/2017,210 King Blvd ,Henry,GA,
,,McDonough GA 30253,,,
,,,,,
5227617,9/5/2017,603 Fieldcrest Drive ,Henry,GA,
,,McDonough GA 30253,,,
,,,,,
5258617,9/5/2017,213 Forest Place ,Henry,GA,
,,Stockbridge GA 30281,,,
,,,,,
5256617,9/5/2017,369 Cattlemans Cir ,Henry,GA,
,,McDonough GA 30252,,,
,,,,,
5235317,9/5/2017,1113 Oak Hollow Court ,Henry,GA,Auction.com
,,Hampton GA 30228,,,
,,,,,
52833807,9/5/2017,504 Edgewater Way ,Henry,GA,Auction.com
,,McDonough GA 30253,,,
,,,,,
5213017,9/5/2017,715 Grove Pointe Circle ,Henry,GA,Auction.com
,,Locust Grove GA 30248,,,
,,,,,
5316214,9/5/2017,907 Strawberry Court ,Henry,GA,
,,Ellenwood GA 30294,,,
,,,,,
5115017,9/5/2017,69 Willow Ridge Dr ,Henry,GA,
,,Hampton GA 30228,,,
,,,,,
52556006,9/5/2017,150 Sunnybrook Drive ,Henry,GA,Auction.com
,,McDonough GA 30253,,,
,,,,,
5447514,9/5/2017,328 Kellys Walk ,Henry,GA,
,,Locust Grove GA 30248,,,
,,,,,
5234117,9/5/2017,477 Glouchester Drive ,Henry,GA,Auction.com
,,Locust Grove GA 30248,,,
,,,,,
5247613,10/3/2017,2114 Kellington Drive ,Henry,GA,Auction.com
,,McDonough GA 30253,,,
,,,,,
5745814,9/5/2017,115 Village Walk ,Houston,GA,Auction.com
,,Centerville GA 31028,,,
,,,,,
5637414,9/5/2017,508 Seminole Street ,Houston,GA,
,,Perry GA 31069,,,
,,,,,
5104617,9/5/2017,103 Avondale Cir ,Houston,GA,Auction.com
,,Warner Robins GA 31088,,,
,,,,,
5166317,9/5/2017,101 Saint Marlo Drive ,Houston,GA,Auction.com
,,Centerville GA 31028,,,
,,,,,
51180011,9/5/2017,108 Patton Dr ,Houston,GA,Auction.com
,,Warner Robins GA 31093,,,
,,,,,
5226617,9/5/2017,103 Karen Dr ,Houston,GA,
,,Warner Robins GA 31088,,,
,,,,,
5199017,9/5/2017,216 Meadowdale Dr ,Houston,GA,Auction.com
,,Warner Robins GA 31088,,,
,,,,,
5763614,9/5/2017,305 Live Oak Court ,Houston,GA,Auction.com
,,Kathleen GA 31047,,,
,,,,,
592117,9/5/2017,302 Burns Drive ,Houston,GA,Auction.com
,,Warner Robins GA 31088,,,
,,,,,
5154717,9/5/2017,28 Hunters Ridge Rd ,Jackson,GA,
,,Nicholson GA 30565,,,
,,,,,
590117,9/5/2017,"3533 Old State Rd, ",Jackson,GA,Auction.com
,,Talmo GA 30575,,,
,,,,,
5392416,9/5/2017,116 Riley Road ,Jackson,GA,Auction.com
,,Jefferson GA 30549,,,
,,,,,
53901109,9/5/2017,211 Wicklow Ct ,Jackson,GA,Auction.com
,,Hoschton GA 30548,,,
,,,,,
5214317,9/5/2017,765 Glen View Loop ,Jasper,GA,Auction.com
,,Monticello GA 31064,,,
,,,,,
5259117,9/5/2017,1276 Alma Highway ,Jeff Davis,GA,Jasper
,,Hazlehurst GA 31539,,,
,,,,,
